/Users/wwfyde/.venv/bin/python /Users/wwfyde/Programs/Examples/algorithms/insertion_sort.py
[4, 22, 41, 40, 27, 30, 36, 16, 42, 37, 14, 39, 3, 6, 34, 9, 21, 2, 29, 47]
A 22 1 [4, 22, 41, 40, 27, 30, 36, 16, 42, 37, 14, 39, 3, 6, 34, 9, 21, 2, 29, 47]
C 22 1 [4, 22, 41, 40, 27, 30, 36, 16, 42, 37, 14, 39, 3, 6, 34, 9, 21, 2, 29, 47]
---1---
A 41 2 [4, 22, 41, 40, 27, 30, 36, 16, 42, 37, 14, 39, 3, 6, 34, 9, 21, 2, 29, 47]
C 41 2 [4, 22, 41, 40, 27, 30, 36, 16, 42, 37, 14, 39, 3, 6, 34, 9, 21, 2, 29, 47]
---2---
A 40 3 [4, 22, 41, 40, 27, 30, 36, 16, 42, 37, 14, 39, 3, 6, 34, 9, 21, 2, 29, 47]
B 40 3 [4, 22, 41, 41, 27, 30, 36, 16, 42, 37, 14, 39, 3, 6, 34, 9, 21, 2, 29, 47]
C 40 2 [4, 22, 40, 41, 27, 30, 36, 16, 42, 37, 14, 39, 3, 6, 34, 9, 21, 2, 29, 47]
---3---
A 27 4 [4, 22, 40, 41, 27, 30, 36, 16, 42, 37, 14, 39, 3, 6, 34, 9, 21, 2, 29, 47]
B 27 4 [4, 22, 40, 41, 41, 30, 36, 16, 42, 37, 14, 39, 3, 6, 34, 9, 21, 2, 29, 47]
B 27 3 [4, 22, 40, 40, 41, 30, 36, 16, 42, 37, 14, 39, 3, 6, 34, 9, 21, 2, 29, 47]
C 27 2 [4, 22, 27, 40, 41, 30, 36, 16, 42, 37, 14, 39, 3, 6, 34, 9, 21, 2, 29, 47]
---4---
A 30 5 [4, 22, 27, 40, 41, 30, 36, 16, 42, 37, 14, 39, 3, 6, 34, 9, 21, 2, 29, 47]
B 30 5 [4, 22, 27, 40, 41, 41, 36, 16, 42, 37, 14, 39, 3, 6, 34, 9, 21, 2, 29, 47]
B 30 4 [4, 22, 27, 40, 40, 41, 36, 16, 42, 37, 14, 39, 3, 6, 34, 9, 21, 2, 29, 47]
C 30 3 [4, 22, 27, 30, 40, 41, 36, 16, 42, 37, 14, 39, 3, 6, 34, 9, 21, 2, 29, 47]
---5---
A 36 6 [4, 22, 27, 30, 40, 41, 36, 16, 42, 37, 14, 39, 3, 6, 34, 9, 21, 2, 29, 47]
B 36 6 [4, 22, 27, 30, 40, 41, 41, 16, 42, 37, 14, 39, 3, 6, 34, 9, 21, 2, 29, 47]
B 36 5 [4, 22, 27, 30, 40, 40, 41, 16, 42, 37, 14, 39, 3, 6, 34, 9, 21, 2, 29, 47]
C 36 4 [4, 22, 27, 30, 36, 40, 41, 16, 42, 37, 14, 39, 3, 6, 34, 9, 21, 2, 29, 47]
---6---
A 16 7 [4, 22, 27, 30, 36, 40, 41, 16, 42, 37, 14, 39, 3, 6, 34, 9, 21, 2, 29, 47]
B 16 7 [4, 22, 27, 30, 36, 40, 41, 41, 42, 37, 14, 39, 3, 6, 34, 9, 21, 2, 29, 47]
B 16 6 [4, 22, 27, 30, 36, 40, 40, 41, 42, 37, 14, 39, 3, 6, 34, 9, 21, 2, 29, 47]
B 16 5 [4, 22, 27, 30, 36, 36, 40, 41, 42, 37, 14, 39, 3, 6, 34, 9, 21, 2, 29, 47]
B 16 4 [4, 22, 27, 30, 30, 36, 40, 41, 42, 37, 14, 39, 3, 6, 34, 9, 21, 2, 29, 47]
B 16 3 [4, 22, 27, 27, 30, 36, 40, 41, 42, 37, 14, 39, 3, 6, 34, 9, 21, 2, 29, 47]
B 16 2 [4, 22, 22, 27, 30, 36, 40, 41, 42, 37, 14, 39, 3, 6, 34, 9, 21, 2, 29, 47]
C 16 1 [4, 16, 22, 27, 30, 36, 40, 41, 42, 37, 14, 39, 3, 6, 34, 9, 21, 2, 29, 47]
---7---
A 42 8 [4, 16, 22, 27, 30, 36, 40, 41, 42, 37, 14, 39, 3, 6, 34, 9, 21, 2, 29, 47]
C 42 8 [4, 16, 22, 27, 30, 36, 40, 41, 42, 37, 14, 39, 3, 6, 34, 9, 21, 2, 29, 47]
---8---
A 37 9 [4, 16, 22, 27, 30, 36, 40, 41, 42, 37, 14, 39, 3, 6, 34, 9, 21, 2, 29, 47]
B 37 9 [4, 16, 22, 27, 30, 36, 40, 41, 42, 42, 14, 39, 3, 6, 34, 9, 21, 2, 29, 47]
B 37 8 [4, 16, 22, 27, 30, 36, 40, 41, 41, 42, 14, 39, 3, 6, 34, 9, 21, 2, 29, 47]
B 37 7 [4, 16, 22, 27, 30, 36, 40, 40, 41, 42, 14, 39, 3, 6, 34, 9, 21, 2, 29, 47]
C 37 6 [4, 16, 22, 27, 30, 36, 37, 40, 41, 42, 14, 39, 3, 6, 34, 9, 21, 2, 29, 47]
---9---
A 14 10 [4, 16, 22, 27, 30, 36, 37, 40, 41, 42, 14, 39, 3, 6, 34, 9, 21, 2, 29, 47]
B 14 10 [4, 16, 22, 27, 30, 36, 37, 40, 41, 42, 42, 39, 3, 6, 34, 9, 21, 2, 29, 47]
B 14 9 [4, 16, 22, 27, 30, 36, 37, 40, 41, 41, 42, 39, 3, 6, 34, 9, 21, 2, 29, 47]
B 14 8 [4, 16, 22, 27, 30, 36, 37, 40, 40, 41, 42, 39, 3, 6, 34, 9, 21, 2, 29, 47]
B 14 7 [4, 16, 22, 27, 30, 36, 37, 37, 40, 41, 42, 39, 3, 6, 34, 9, 21, 2, 29, 47]
B 14 6 [4, 16, 22, 27, 30, 36, 36, 37, 40, 41, 42, 39, 3, 6, 34, 9, 21, 2, 29, 47]
B 14 5 [4, 16, 22, 27, 30, 30, 36, 37, 40, 41, 42, 39, 3, 6, 34, 9, 21, 2, 29, 47]
B 14 4 [4, 16, 22, 27, 27, 30, 36, 37, 40, 41, 42, 39, 3, 6, 34, 9, 21, 2, 29, 47]
B 14 3 [4, 16, 22, 22, 27, 30, 36, 37, 40, 41, 42, 39, 3, 6, 34, 9, 21, 2, 29, 47]
B 14 2 [4, 16, 16, 22, 27, 30, 36, 37, 40, 41, 42, 39, 3, 6, 34, 9, 21, 2, 29, 47]
C 14 1 [4, 14, 16, 22, 27, 30, 36, 37, 40, 41, 42, 39, 3, 6, 34, 9, 21, 2, 29, 47]
---10---
A 39 11 [4, 14, 16, 22, 27, 30, 36, 37, 40, 41, 42, 39, 3, 6, 34, 9, 21, 2, 29, 47]
B 39 11 [4, 14, 16, 22, 27, 30, 36, 37, 40, 41, 42, 42, 3, 6, 34, 9, 21, 2, 29, 47]
B 39 10 [4, 14, 16, 22, 27, 30, 36, 37, 40, 41, 41, 42, 3, 6, 34, 9, 21, 2, 29, 47]
B 39 9 [4, 14, 16, 22, 27, 30, 36, 37, 40, 40, 41, 42, 3, 6, 34, 9, 21, 2, 29, 47]
C 39 8 [4, 14, 16, 22, 27, 30, 36, 37, 39, 40, 41, 42, 3, 6, 34, 9, 21, 2, 29, 47]
---11---
A 3 12 [4, 14, 16, 22, 27, 30, 36, 37, 39, 40, 41, 42, 3, 6, 34, 9, 21, 2, 29, 47]
B 3 12 [4, 14, 16, 22, 27, 30, 36, 37, 39, 40, 41, 42, 42, 6, 34, 9, 21, 2, 29, 47]
B 3 11 [4, 14, 16, 22, 27, 30, 36, 37, 39, 40, 41, 41, 42, 6, 34, 9, 21, 2, 29, 47]
B 3 10 [4, 14, 16, 22, 27, 30, 36, 37, 39, 40, 40, 41, 42, 6, 34, 9, 21, 2, 29, 47]
B 3 9 [4, 14, 16, 22, 27, 30, 36, 37, 39, 39, 40, 41, 42, 6, 34, 9, 21, 2, 29, 47]
B 3 8 [4, 14, 16, 22, 27, 30, 36, 37, 37, 39, 40, 41, 42, 6, 34, 9, 21, 2, 29, 47]
B 3 7 [4, 14, 16, 22, 27, 30, 36, 36, 37, 39, 40, 41, 42, 6, 34, 9, 21, 2, 29, 47]
B 3 6 [4, 14, 16, 22, 27, 30, 30, 36, 37, 39, 40, 41, 42, 6, 34, 9, 21, 2, 29, 47]
B 3 5 [4, 14, 16, 22, 27, 27, 30, 36, 37, 39, 40, 41, 42, 6, 34, 9, 21, 2, 29, 47]
B 3 4 [4, 14, 16, 22, 22, 27, 30, 36, 37, 39, 40, 41, 42, 6, 34, 9, 21, 2, 29, 47]
B 3 3 [4, 14, 16, 16, 22, 27, 30, 36, 37, 39, 40, 41, 42, 6, 34, 9, 21, 2, 29, 47]
B 3 2 [4, 14, 14, 16, 22, 27, 30, 36, 37, 39, 40, 41, 42, 6, 34, 9, 21, 2, 29, 47]
B 3 1 [4, 4, 14, 16, 22, 27, 30, 36, 37, 39, 40, 41, 42, 6, 34, 9, 21, 2, 29, 47]
C 3 0 [3, 4, 14, 16, 22, 27, 30, 36, 37, 39, 40, 41, 42, 6, 34, 9, 21, 2, 29, 47]
---12---
A 6 13 [3, 4, 14, 16, 22, 27, 30, 36, 37, 39, 40, 41, 42, 6, 34, 9, 21, 2, 29, 47]
B 6 13 [3, 4, 14, 16, 22, 27, 30, 36, 37, 39, 40, 41, 42, 42, 34, 9, 21, 2, 29, 47]
B 6 12 [3, 4, 14, 16, 22, 27, 30, 36, 37, 39, 40, 41, 41, 42, 34, 9, 21, 2, 29, 47]
B 6 11 [3, 4, 14, 16, 22, 27, 30, 36, 37, 39, 40, 40, 41, 42, 34, 9, 21, 2, 29, 47]
B 6 10 [3, 4, 14, 16, 22, 27, 30, 36, 37, 39, 39, 40, 41, 42, 34, 9, 21, 2, 29, 47]
B 6 9 [3, 4, 14, 16, 22, 27, 30, 36, 37, 37, 39, 40, 41, 42, 34, 9, 21, 2, 29, 47]
B 6 8 [3, 4, 14, 16, 22, 27, 30, 36, 36, 37, 39, 40, 41, 42, 34, 9, 21, 2, 29, 47]
B 6 7 [3, 4, 14, 16, 22, 27, 30, 30, 36, 37, 39, 40, 41, 42, 34, 9, 21, 2, 29, 47]
B 6 6 [3, 4, 14, 16, 22, 27, 27, 30, 36, 37, 39, 40, 41, 42, 34, 9, 21, 2, 29, 47]
B 6 5 [3, 4, 14, 16, 22, 22, 27, 30, 36, 37, 39, 40, 41, 42, 34, 9, 21, 2, 29, 47]
B 6 4 [3, 4, 14, 16, 16, 22, 27, 30, 36, 37, 39, 40, 41, 42, 34, 9, 21, 2, 29, 47]
B 6 3 [3, 4, 14, 14, 16, 22, 27, 30, 36, 37, 39, 40, 41, 42, 34, 9, 21, 2, 29, 47]
C 6 2 [3, 4, 6, 14, 16, 22, 27, 30, 36, 37, 39, 40, 41, 42, 34, 9, 21, 2, 29, 47]
---13---
A 34 14 [3, 4, 6, 14, 16, 22, 27, 30, 36, 37, 39, 40, 41, 42, 34, 9, 21, 2, 29, 47]
B 34 14 [3, 4, 6, 14, 16, 22, 27, 30, 36, 37, 39, 40, 41, 42, 42, 9, 21, 2, 29, 47]
B 34 13 [3, 4, 6, 14, 16, 22, 27, 30, 36, 37, 39, 40, 41, 41, 42, 9, 21, 2, 29, 47]
B 34 12 [3, 4, 6, 14, 16, 22, 27, 30, 36, 37, 39, 40, 40, 41, 42, 9, 21, 2, 29, 47]
B 34 11 [3, 4, 6, 14, 16, 22, 27, 30, 36, 37, 39, 39, 40, 41, 42, 9, 21, 2, 29, 47]
B 34 10 [3, 4, 6, 14, 16, 22, 27, 30, 36, 37, 37, 39, 40, 41, 42, 9, 21, 2, 29, 47]
B 34 9 [3, 4, 6, 14, 16, 22, 27, 30, 36, 36, 37, 39, 40, 41, 42, 9, 21, 2, 29, 47]
C 34 8 [3, 4, 6, 14, 16, 22, 27, 30, 34, 36, 37, 39, 40, 41, 42, 9, 21, 2, 29, 47]
---14---
A 9 15 [3, 4, 6, 14, 16, 22, 27, 30, 34, 36, 37, 39, 40, 41, 42, 9, 21, 2, 29, 47]
B 9 15 [3, 4, 6, 14, 16, 22, 27, 30, 34, 36, 37, 39, 40, 41, 42, 42, 21, 2, 29, 47]
B 9 14 [3, 4, 6, 14, 16, 22, 27, 30, 34, 36, 37, 39, 40, 41, 41, 42, 21, 2, 29, 47]
B 9 13 [3, 4, 6, 14, 16, 22, 27, 30, 34, 36, 37, 39, 40, 40, 41, 42, 21, 2, 29, 47]
B 9 12 [3, 4, 6, 14, 16, 22, 27, 30, 34, 36, 37, 39, 39, 40, 41, 42, 21, 2, 29, 47]
B 9 11 [3, 4, 6, 14, 16, 22, 27, 30, 34, 36, 37, 37, 39, 40, 41, 42, 21, 2, 29, 47]
B 9 10 [3, 4, 6, 14, 16, 22, 27, 30, 34, 36, 36, 37, 39, 40, 41, 42, 21, 2, 29, 47]
B 9 9 [3, 4, 6, 14, 16, 22, 27, 30, 34, 34, 36, 37, 39, 40, 41, 42, 21, 2, 29, 47]
B 9 8 [3, 4, 6, 14, 16, 22, 27, 30, 30, 34, 36, 37, 39, 40, 41, 42, 21, 2, 29, 47]
B 9 7 [3, 4, 6, 14, 16, 22, 27, 27, 30, 34, 36, 37, 39, 40, 41, 42, 21, 2, 29, 47]
B 9 6 [3, 4, 6, 14, 16, 22, 22, 27, 30, 34, 36, 37, 39, 40, 41, 42, 21, 2, 29, 47]
B 9 5 [3, 4, 6, 14, 16, 16, 22, 27, 30, 34, 36, 37, 39, 40, 41, 42, 21, 2, 29, 47]
B 9 4 [3, 4, 6, 14, 14, 16, 22, 27, 30, 34, 36, 37, 39, 40, 41, 42, 21, 2, 29, 47]
C 9 3 [3, 4, 6, 9, 14, 16, 22, 27, 30, 34, 36, 37, 39, 40, 41, 42, 21, 2, 29, 47]
---15---
A 21 16 [3, 4, 6, 9, 14, 16, 22, 27, 30, 34, 36, 37, 39, 40, 41, 42, 21, 2, 29, 47]
B 21 16 [3, 4, 6, 9, 14, 16, 22, 27, 30, 34, 36, 37, 39, 40, 41, 42, 42, 2, 29, 47]
B 21 15 [3, 4, 6, 9, 14, 16, 22, 27, 30, 34, 36, 37, 39, 40, 41, 41, 42, 2, 29, 47]
B 21 14 [3, 4, 6, 9, 14, 16, 22, 27, 30, 34, 36, 37, 39, 40, 40, 41, 42, 2, 29, 47]
B 21 13 [3, 4, 6, 9, 14, 16, 22, 27, 30, 34, 36, 37, 39, 39, 40, 41, 42, 2, 29, 47]
B 21 12 [3, 4, 6, 9, 14, 16, 22, 27, 30, 34, 36, 37, 37, 39, 40, 41, 42, 2, 29, 47]
B 21 11 [3, 4, 6, 9, 14, 16, 22, 27, 30, 34, 36, 36, 37, 39, 40, 41, 42, 2, 29, 47]
B 21 10 [3, 4, 6, 9, 14, 16, 22, 27, 30, 34, 34, 36, 37, 39, 40, 41, 42, 2, 29, 47]
B 21 9 [3, 4, 6, 9, 14, 16, 22, 27, 30, 30, 34, 36, 37, 39, 40, 41, 42, 2, 29, 47]
B 21 8 [3, 4, 6, 9, 14, 16, 22, 27, 27, 30, 34, 36, 37, 39, 40, 41, 42, 2, 29, 47]
B 21 7 [3, 4, 6, 9, 14, 16, 22, 22, 27, 30, 34, 36, 37, 39, 40, 41, 42, 2, 29, 47]
C 21 6 [3, 4, 6, 9, 14, 16, 21, 22, 27, 30, 34, 36, 37, 39, 40, 41, 42, 2, 29, 47]
---16---
A 2 17 [3, 4, 6, 9, 14, 16, 21, 22, 27, 30, 34, 36, 37, 39, 40, 41, 42, 2, 29, 47]
B 2 17 [3, 4, 6, 9, 14, 16, 21, 22, 27, 30, 34, 36, 37, 39, 40, 41, 42, 42, 29, 47]
B 2 16 [3, 4, 6, 9, 14, 16, 21, 22, 27, 30, 34, 36, 37, 39, 40, 41, 41, 42, 29, 47]
B 2 15 [3, 4, 6, 9, 14, 16, 21, 22, 27, 30, 34, 36, 37, 39, 40, 40, 41, 42, 29, 47]
B 2 14 [3, 4, 6, 9, 14, 16, 21, 22, 27, 30, 34, 36, 37, 39, 39, 40, 41, 42, 29, 47]
B 2 13 [3, 4, 6, 9, 14, 16, 21, 22, 27, 30, 34, 36, 37, 37, 39, 40, 41, 42, 29, 47]
B 2 12 [3, 4, 6, 9, 14, 16, 21, 22, 27, 30, 34, 36, 36, 37, 39, 40, 41, 42, 29, 47]
B 2 11 [3, 4, 6, 9, 14, 16, 21, 22, 27, 30, 34, 34, 36, 37, 39, 40, 41, 42, 29, 47]
B 2 10 [3, 4, 6, 9, 14, 16, 21, 22, 27, 30, 30, 34, 36, 37, 39, 40, 41, 42, 29, 47]
B 2 9 [3, 4, 6, 9, 14, 16, 21, 22, 27, 27, 30, 34, 36, 37, 39, 40, 41, 42, 29, 47]
B 2 8 [3, 4, 6, 9, 14, 16, 21, 22, 22, 27, 30, 34, 36, 37, 39, 40, 41, 42, 29, 47]
B 2 7 [3, 4, 6, 9, 14, 16, 21, 21, 22, 27, 30, 34, 36, 37, 39, 40, 41, 42, 29, 47]
B 2 6 [3, 4, 6, 9, 14, 16, 16, 21, 22, 27, 30, 34, 36, 37, 39, 40, 41, 42, 29, 47]
B 2 5 [3, 4, 6, 9, 14, 14, 16, 21, 22, 27, 30, 34, 36, 37, 39, 40, 41, 42, 29, 47]
B 2 4 [3, 4, 6, 9, 9, 14, 16, 21, 22, 27, 30, 34, 36, 37, 39, 40, 41, 42, 29, 47]
B 2 3 [3, 4, 6, 6, 9, 14, 16, 21, 22, 27, 30, 34, 36, 37, 39, 40, 41, 42, 29, 47]
B 2 2 [3, 4, 4, 6, 9, 14, 16, 21, 22, 27, 30, 34, 36, 37, 39, 40, 41, 42, 29, 47]
B 2 1 [3, 3, 4, 6, 9, 14, 16, 21, 22, 27, 30, 34, 36, 37, 39, 40, 41, 42, 29, 47]
C 2 0 [2, 3, 4, 6, 9, 14, 16, 21, 22, 27, 30, 34, 36, 37, 39, 40, 41, 42, 29, 47]
---17---
A 29 18 [2, 3, 4, 6, 9, 14, 16, 21, 22, 27, 30, 34, 36, 37, 39, 40, 41, 42, 29, 47]
B 29 18 [2, 3, 4, 6, 9, 14, 16, 21, 22, 27, 30, 34, 36, 37, 39, 40, 41, 42, 42, 47]
B 29 17 [2, 3, 4, 6, 9, 14, 16, 21, 22, 27, 30, 34, 36, 37, 39, 40, 41, 41, 42, 47]
B 29 16 [2, 3, 4, 6, 9, 14, 16, 21, 22, 27, 30, 34, 36, 37, 39, 40, 40, 41, 42, 47]
B 29 15 [2, 3, 4, 6, 9, 14, 16, 21, 22, 27, 30, 34, 36, 37, 39, 39, 40, 41, 42, 47]
B 29 14 [2, 3, 4, 6, 9, 14, 16, 21, 22, 27, 30, 34, 36, 37, 37, 39, 40, 41, 42, 47]
B 29 13 [2, 3, 4, 6, 9, 14, 16, 21, 22, 27, 30, 34, 36, 36, 37, 39, 40, 41, 42, 47]
B 29 12 [2, 3, 4, 6, 9, 14, 16, 21, 22, 27, 30, 34, 34, 36, 37, 39, 40, 41, 42, 47]
B 29 11 [2, 3, 4, 6, 9, 14, 16, 21, 22, 27, 30, 30, 34, 36, 37, 39, 40, 41, 42, 47]
C 29 10 [2, 3, 4, 6, 9, 14, 16, 21, 22, 27, 29, 30, 34, 36, 37, 39, 40, 41, 42, 47]
---18---
A 47 19 [2, 3, 4, 6, 9, 14, 16, 21, 22, 27, 29, 30, 34, 36, 37, 39, 40, 41, 42, 47]
C 47 19 [2, 3, 4, 6, 9, 14, 16, 21, 22, 27, 29, 30, 34, 36, 37, 39, 40, 41, 42, 47]
---19---
[2, 3, 4, 6, 9, 14, 16, 21, 22, 27, 29, 30, 34, 36, 37, 39, 40, 41, 42, 47]

Process finished with exit code 0
